1 2 249 69 84 225 300 51 97 227
2 4 74 22 22 42 101 19 18 46 111 16 20 61 162 13 13 41
3 3 14 1 6 17 18 2 5 17 25 3 7 16
4 4 59 12 11 33 58 34 21 31 72 12 12 37 84 14 12 32
5 3 10 29 18 35 52 12 19 41 71 11 17 47
6 2 28 1 10 31 38 1 10 31
7 2 34 5 12 37 46 7 12 38
8 3 18 2 5 17 24 2 6 17 30 2 6 17
9 3 21 1 10 31 32 0 10 31 40 0 10 31
10 2 22 1 11 33 34 0 12 32
11 2 22 2 10 30 31 0 10 30
12 4 64 9 21 39 65 36 24 36 68 12 20 55 88 16 20 47
13 2 49 10 11 36 65 9 15 35
14 2 39 4 16 36 56 7 15 40
15 3 20 5 6 23 26 10 4 16 34 10 7 17
16 3 21 1 6 20 26 1 7 17 31 0 6 20
17 2 23 0 10 30 36 0 10 30
18 6 44 14 14 42 61 20 22 40 83 14 15 46 94 8 13 38 108 2 15 35 125 26 13 38
19 4 19 3 9 17 28 2 6 18 35 2 8 18 49 0 5 16
20 2 20 7 6 17 39 5 5 15
21 6 13 24 12 35 23 6 10 32 22 52 13 41 78 15 10 31 83 12 25 77 107 58 10 31
22 5 22 4 6 18 25 4 9 19 32 4 8 18 41 3 9 20 48 3 6 20
23 2 39 2 11 36 52 4 11 35
24 24 74 110 12 36 84 115 10 33 87 136 20 40 99 117 16 49 111 134 13 40 112 94 11 33 112 135 13 40 161 94 20 58 193 78 10 32 202 94 14 43 228 58 11 35 234 92 11 32 235 58 16 37 233 90 23 34 238 53 14 43 234 90 22 33 229 46 34 51 237 88 23 34 248 44 20 51 264 82 10 32 266 56 18 55 386 7 12 36 395 11 13 39 399 42 11 35
25 4 11 14 26 39 64 10 20 54 88 12 21 49 112 5 21 62
26 2 34 4 15 36 48 2 12 36
27 3 50 8 17 53 64 7 18 39 76 10 20 48
28 2 30 5 12 37 43 6 11 36
29 3 45 8 10 32 52 7 10 34 68 8 10 32
30 2 20 3 7 20 24 1 6 17
31 3 16 2 8 17 25 1 9 16 36 2 6 16
32 2 50 16 14 41 67 16 18 38
33 3 16 7 11 33 30 4 12 36 46 2 11 36
34 5 33 1 11 34 44 7 14 38 58 5 12 37 68 1 11 33 81 15 11 33
35 3 18 3 6 18 23 2 9 18 30 3 6 18
36 3 46 2 19 35 55 18 15 37 78 14 18 38
37 3 20 4 10 20 30 2 10 20 37 6 10 21
38 2 88 19 24 72 107 16 32 66
39 2 55 8 20 60 69 8 19 61
40 3 62 5 24 46 73 7 24 59 93 10 23 69
41 2 40 6 12 37 50 4 10 32
42 3 109 21 24 51 134 30 20 58 159 26 22 69
43 3 87 15 22 56 116 18 22 56 131 18 21 64
44 3 23 3 10 31 29 1 10 31 36 0 10 31
45 3 15 2 11 33 32 2 12 36 44 2 11 34
46 3 150 90 35 89 197 50 35 81 256 24 33 86
47 2 14 0 5 18 20 1 5 16
48 3 18 7 21 64 76 12 22 52 103 10 22 62
49 3 73 10 22 59 102 5 21 61 136 17 23 49
50 3 58 24 11 34 74 17 13 37 98 12 11 33
51 2 50 2 11 35 53 24 11 33
52 3 45 5 20 35 57 6 18 45 78 17 20 38
53 2 176 52 26 67 215 37 28 72
54 3 38 11 15 45 53 15 15 45 94 8 17 42
55 3 116 24 14 40 133 24 16 40 150 22 15 38
56 2 22 6 8 18 34 3 7 20
57 2 65 32 11 35 89 8 11 34
58 2 48 7 15 45 64 4 15 46
59 2 35 1 12 35 44 9 11 32
60 2 18 0 6 17 27 3 5 15
61 2 25 1 10 30 32 0 10 32
62 2 44 6 19 47 60 4 26 39
63 4 82 8 26 81 104 18 27 74 131 22 25 72 150 34 23 69
64 2 26 1 10 30 38 2 10 30
65 5 12 2 6 20 20 0 5 17 24 2 7 21 26 10 10 18 36 7 9 21
66 2 38 7 10 32 46 6 11 32
67 2 45 2 16 50 59 2 17 52
68 4 69 9 18 53 86 9 19 53 98 17 20 46 109 28 16 48
69 2 50 6 18 54 60 7 17 51
70 4 17 2 8 20 22 3 9 17 29 3 7 19 33 6 6 18
71 3 24 0 10 30 36 0 10 30 59 0 10 30
72 3 25 4 7 20 34 2 8 20 39 2 7 22
73 1 17 0 5 17
74 3 23 2 10 30 28 2 10 30 39 2 10 30
75 3 31 3 12 37 39 3 12 38 45 1 13 38
76 5 1 3 5 16 24 1 6 18 30 3 5 16 40 2 6 18 47 4 5 16
77 3 61 12 21 58 83 6 22 61 108 6 20 56
78 3 38 2 12 37 77 5 13 36 94 6 11 35
79 5 67 53 11 34 69 29 14 38 74 34 19 50 106 15 16 38 139 7 17 37
80 3 34 2 15 34 48 2 14 33 59 2 11 34
81 3 48 8 15 38 63 4 17 40 77 5 14 42
82 2 41 4 12 38 56 4 12 38
83 2 39 5 11 33 51 11 11 34
84 2 38 4 12 36 51 0 10 31
85 4 13 4 5 17 17 4 5 18 23 3 8 19 31 5 5 16
86 6 16 9 6 18 23 1 9 21 29 9 6 20 35 4 8 24 43 10 6 19 47 12 11 16
87 3 4 1 22 32 62 8 18 49 78 12 24 46
88 1 54 16 14 37
89 2 82 17 28 82 117 14 26 73
90 5 1 3 12 35 34 4 12 36 44 4 12 36 50 4 12 38 62 4 11 35
91 4 48 14 11 34 58 12 10 34 69 8 11 32 85 1 11 32
92 2 42 4 10 34 57 5 11 36
93 2 38 5 14 42 54 4 18 40
94 2 53 17 15 37 71 9 17 37
95 8 6 82 10 32 43 24 11 32 127 53 13 35 136 53 11 35 145 55 11 34 156 55 12 35 179 51 14 46 208 59 12 35
96 2 40 4 14 39 61 5 16 39
97 2 35 8 11 34 46 6 12 36
98 4 54 7 14 42 68 7 19 36 78 2 15 47 89 9 17 37
99 1 27 1 22 32
100 3 23 2 7 20 28 7 6 18 33 1 7 19
