1 2 249 69 84 225 0.25 300 51 97 227 1
2 4 74 22 22 42 0.428571 101 19 18 46 1 111 16 20 61 0.142857 162 13 13 41 0.142857
3 3 14 1 6 17 0.8 18 2 5 17 0.6 25 3 7 16 1
4 4 59 12 11 33 0.285714 58 34 21 31 0.142857 72 12 12 37 1 84 14 12 32 0.285714
5 3 10 29 18 35 0.181818 52 12 19 41 1 71 11 17 47 0.272727
6 2 28 1 10 31 0.5 38 1 10 31 1
7 2 34 5 12 37 0.8 46 7 12 38 1
8 3 18 2 5 17 0.3 24 2 6 17 0.6 30 2 6 17 1
9 3 21 1 10 31 0.5 32 0 10 31 1 40 0 10 31 0.5
10 2 22 1 11 33 1 34 0 12 32 1
11 2 22 2 10 30 1 31 0 10 30 0.25
12 4 64 9 21 39 0.3 65 36 24 36 0.2 68 12 20 55 0.6 88 16 20 47 1
13 2 49 10 11 36 0.571429 65 9 15 35 1
14 2 39 4 16 36 0.6 56 7 15 40 1
15 3 20 5 6 23 0.666667 26 10 4 16 0.666667 34 10 7 17 1
16 3 21 1 6 20 0.428571 26 1 7 17 1 31 0 6 20 0.142857
17 2 23 0 10 30 0.5 36 0 10 30 1
18 6 44 14 14 42 0.285714 61 20 22 40 0.428571 83 14 15 46 0.285714 94 8 13 38 0.285714 108 2 15 35 1 125 26 13 38 0.428571
19 4 19 3 9 17 0.714286 28 2 6 18 0.857143 35 2 8 18 1 49 0 5 16 0.142857
20 2 20 7 6 17 1 39 5 5 15 0.2
21 6 13 24 12 35 0.333333 23 6 10 32 0.333333 22 52 13 41 0.333333 78 15 10 31 0.333333 83 12 25 77 0.666667 107 58 10 31 1
22 5 22 4 6 18 0.307692 25 4 9 19 0.615385 32 4 8 18 1 41 3 9 20 0.923077 48 3 6 20 0.230769
23 2 39 2 11 36 0.8 52 4 11 35 1
24 24 74 110 12 36 0.117647 84 115 10 33 0.117647 87 136 20 40 0.176471 99 117 16 49 0.294118 111 134 13 40 0.0588235 112 94 11 33 0.0588235 112 135 13 40 0.0588235 161 94 20 58 0.235294 193 78 10 32 0.0588235 202 94 14 43 0.117647 228 58 11 35 0.117647 234 92 11 32 0.117647 235 58 16 37 0.529412 233 90 23 34 0.117647 238 53 14 43 0.0588235 234 90 22 33 0.0588235 229 46 34 51 0.0588235 237 88 23 34 0.0588235 248 44 20 51 1 264 82 10 32 0.0588235 266 56 18 55 0.117647 386 7 12 36 0.176471 395 11 13 39 0.0588235 399 42 11 35 0.0588235
25 4 11 14 26 39 0.111111 64 10 20 54 0.777778 88 12 21 49 1 112 5 21 62 0.555556
26 2 34 4 15 36 1 48 2 12 36 0.444444
27 3 50 8 17 53 0.285714 64 7 18 39 0.285714 76 10 20 48 1
28 2 30 5 12 37 0.666667 43 6 11 36 1
29 3 45 8 10 32 1 52 7 10 34 0.6 68 8 10 32 0.2
30 2 20 3 7 20 1 24 1 6 17 0.25
31 3 16 2 8 17 0.777778 25 1 9 16 1 36 2 6 16 0.777778
32 2 50 16 14 41 0.2 67 16 18 38 1
33 3 16 7 11 33 0.5 30 4 12 36 1 46 2 11 36 1
34 5 33 1 11 34 0.142857 44 7 14 38 0.714286 58 5 12 37 1 68 1 11 33 0.142857 81 15 11 33 0.142857
35 3 18 3 6 18 0.0833333 23 2 9 18 1 30 3 6 18 0.25
36 3 46 2 19 35 0.5 55 18 15 37 0.666667 78 14 18 38 1
37 3 20 4 10 20 0.333333 30 2 10 20 1 37 6 10 21 0.666667
38 2 88 19 24 72 1 107 16 32 66 1
39 2 55 8 20 60 0.5 69 8 19 61 1
40 3 62 5 24 46 1 73 7 24 59 0.272727 93 10 23 69 0.818182
41 2 40 6 12 37 0.5 50 4 10 32 1
42 3 109 21 24 51 1 134 30 20 58 0.6875 159 26 22 69 0.625
43 3 87 15 22 56 0.866667 116 18 22 56 1 131 18 21 64 0.2
44 3 23 3 10 31 1 29 1 10 31 1 36 0 10 31 1
45 3 15 2 11 33 0.142857 32 2 12 36 0.285714 44 2 11 34 1
46 3 150 90 35 89 0.857143 197 50 35 81 1 256 24 33 86 0.571429
47 2 14 0 5 18 1 20 1 5 16 0.5
48 3 18 7 21 64 0.214286 76 12 22 52 0.285714 103 10 22 62 1
49 3 73 10 22 59 1 102 5 21 61 0.307692 136 17 23 49 0.307692
50 3 58 24 11 34 0.428571 74 17 13 37 1 98 12 11 33 0.428571
51 2 50 2 11 35 1 53 24 11 33 0.142857
52 3 45 5 20 35 0.833333 57 6 18 45 0.666667 78 17 20 38 1
53 2 176 52 26 67 1 215 37 28 72 1
54 3 38 11 15 45 0.111111 53 15 15 45 0.111111 94 8 17 42 1
55 3 116 24 14 40 1 133 24 16 40 0.909091 150 22 15 38 1
56 2 22 6 8 18 1 34 3 7 20 0.769231
57 2 65 32 11 35 1 89 8 11 34 1
58 2 48 7 15 45 0.5 64 4 15 46 1
59 2 35 1 12 35 1 44 9 11 32 0.333333
60 2 18 0 6 17 1 27 3 5 15 0.666667
61 2 25 1 10 30 0.5 32 0 10 32 1
62 2 44 6 19 47 1 60 4 26 39 0.166667
63 4 82 8 26 81 0.363636 104 18 27 74 0.545455 131 22 25 72 1 150 34 23 69 0.181818
64 2 26 1 10 30 0.5 38 2 10 30 1
65 5 12 2 6 20 0.333333 20 0 5 17 0.166667 24 2 7 21 0.166667 26 10 10 18 1 36 7 9 21 1
66 2 38 7 10 32 0.428571 46 6 11 32 1
67 2 45 2 16 50 0.5 59 2 17 52 1
68 4 69 9 18 53 1 86 9 19 53 0.6 98 17 20 46 0.7 109 28 16 48 0.1
69 2 50 6 18 54 1 60 7 17 51 0.25
70 4 17 2 8 20 0.7 22 3 9 17 1 29 3 7 19 0.7 33 6 6 18 0.1
71 3 24 0 10 30 1 36 0 10 30 0.5 59 0 10 30 0.5
72 3 25 4 7 20 0.545455 34 2 8 20 1 39 2 7 22 0.0909091
73 1 17 0 5 17 1
74 3 23 2 10 30 0.333333 28 2 10 30 1 39 2 10 30 1
75 3 31 3 12 37 0.25 39 3 12 38 1 45 1 13 38 0.125
76 5 1 3 5 16 0.166667 24 1 6 18 0.333333 30 3 5 16 0.166667 40 2 6 18 1 47 4 5 16 0.166667
77 3 61 12 21 58 0.333333 83 6 22 61 0.833333 108 6 20 56 1
78 3 38 2 12 37 0.2 77 5 13 36 0.8 94 6 11 35 1
79 5 67 53 11 34 0.0714286 69 29 14 38 0.5 74 34 19 50 0.214286 106 15 16 38 1 139 7 17 37 0.785714
80 3 34 2 15 34 0.75 48 2 14 33 1 59 2 11 34 0.75
81 3 48 8 15 38 1 63 4 17 40 0.75 77 5 14 42 0.25
82 2 41 4 12 38 0.666667 56 4 12 38 1
83 2 39 5 11 33 0.625 51 11 11 34 1
84 2 38 4 12 36 1 51 0 10 31 0.25
85 4 13 4 5 17 1 17 4 5 18 0.25 23 3 8 19 0.75 31 5 5 16 0.125
86 6 16 9 6 18 0.125 23 1 9 21 1 29 9 6 20 0.125 35 4 8 24 0.625 43 10 6 19 0.125 47 12 11 16 0.125
87 3 4 1 22 32 0.333333 62 8 18 49 1 78 12 24 46 0.5
88 1 54 16 14 37 1
89 2 82 17 28 82 0.888889 117 14 26 73 1
90 5 1 3 12 35 0.5 34 4 12 36 0.333333 44 4 12 36 1 50 4 12 38 0.166667 62 4 11 35 0.5
91 4 48 14 11 34 0.666667 58 12 10 34 0.666667 69 8 11 32 1 85 1 11 32 0.333333
92 2 42 4 10 34 0.285714 57 5 11 36 1
93 2 38 5 14 42 1 54 4 18 40 0.5
94 2 53 17 15 37 1 71 9 17 37 0.555556
95 8 6 82 10 32 0.125 43 24 11 32 0.125 127 53 13 35 1 136 53 11 35 0.75 145 55 11 34 0.125 156 55 12 35 0.25 179 51 14 46 0.375 208 59 12 35 0.125
96 2 40 4 14 39 1 61 5 16 39 1
97 2 35 8 11 34 0.333333 46 6 12 36 1
98 4 54 7 14 42 0.454545 68 7 19 36 1 78 2 15 47 0.0909091 89 9 17 37 0.909091
99 1 27 1 22 32 1
100 3 23 2 7 20 1 28 7 6 18 0.142857 33 1 7 19 0.571429
