1 2 300 51 97 227 16 249 69 84 225 4
2 3 101 19 18 46 7 74 22 22 42 3 111 16 20 61 1
3 3 25 3 7 16 5 14 1 6 17 4 18 2 5 17 3
4 3 72 12 12 37 7 59 12 11 33 2 84 14 12 32 2
5 3 52 12 19 41 11 71 11 17 47 3 10 29 18 35 2
6 2 38 1 10 31 4 28 1 10 31 2
7 2 46 7 12 38 10 34 5 12 37 8
8 3 30 2 6 17 10 24 2 6 17 6 18 2 5 17 3
9 3 32 0 10 31 2 21 1 10 31 1 40 0 10 31 1
10 2 22 1 11 33 6 34 0 12 32 6
11 2 22 2 10 30 4 31 0 10 30 1
12 3 88 16 20 47 10 68 12 20 55 6 64 9 21 39 3
13 2 65 9 15 35 7 49 10 11 36 4
14 2 56 7 15 40 10 39 4 16 36 6
15 3 34 10 7 17 3 26 10 4 16 2 20 5 6 23 2
16 3 26 1 7 17 7 21 1 6 20 3 31 0 6 20 1
17 2 36 0 10 30 2 23 0 10 30 1
18 3 108 2 15 35 7 61 20 22 40 3 125 26 13 38 3
19 3 35 2 8 18 7 28 2 6 18 6 19 3 9 17 5
20 2 20 7 6 17 5 39 5 5 15 1
21 3 107 58 10 31 3 83 12 25 77 2 22 52 13 41 1
22 3 32 4 8 18 13 41 3 9 20 12 25 4 9 19 8
23 2 52 4 11 35 5 39 2 11 36 4
24 3 248 44 20 51 17 235 58 16 37 9 99 117 16 49 5
25 3 88 12 21 49 9 64 10 20 54 7 112 5 21 62 5
26 2 34 4 15 36 9 48 2 12 36 4
27 3 76 10 20 48 7 64 7 18 39 2 50 8 17 53 2
28 2 43 6 11 36 3 30 5 12 37 2
29 3 45 8 10 32 5 52 7 10 34 3 68 8 10 32 1
30 2 20 3 7 20 4 24 1 6 17 1
31 3 25 1 9 16 9 16 2 8 17 7 36 2 6 16 7
32 2 67 16 18 38 10 50 16 14 41 2
33 3 30 4 12 36 2 46 2 11 36 2 16 7 11 33 1
34 3 58 5 12 37 7 44 7 14 38 5 33 1 11 34 1
35 3 23 2 9 18 12 30 3 6 18 3 18 3 6 18 1
36 3 78 14 18 38 6 55 18 15 37 4 46 2 19 35 3
37 3 30 2 10 20 6 37 6 10 21 4 20 4 10 20 2
38 2 88 19 24 72 4 107 16 32 66 4
39 2 69 8 19 61 4 55 8 20 60 2
40 3 62 5 24 46 11 93 10 23 69 9 73 7 24 59 3
41 2 50 4 10 32 2 40 6 12 37 1
42 3 109 21 24 51 16 134 30 20 58 11 159 26 22 69 10
43 3 116 18 22 56 15 87 15 22 56 13 131 18 21 64 3
44 3 23 3 10 31 1 29 1 10 31 1 36 0 10 31 1
45 3 44 2 11 34 7 32 2 12 36 2 15 2 11 33 1
46 3 197 50 35 81 14 150 90 35 89 12 256 24 33 86 8
47 2 14 0 5 18 2 20 1 5 16 1
48 3 103 10 22 62 14 76 12 22 52 4 18 7 21 64 3
49 3 73 10 22 59 13 102 5 21 61 4 136 17 23 49 4
50 3 74 17 13 37 7 58 24 11 34 3 98 12 11 33 3
51 2 50 2 11 35 7 53 24 11 33 1
52 3 78 17 20 38 6 45 5 20 35 5 57 6 18 45 4
53 2 176 52 26 67 14 215 37 28 72 14
54 3 94 8 17 42 9 53 15 15 45 1 38 11 15 45 1
55 3 116 24 14 40 11 150 22 15 38 11 133 24 16 40 10
56 2 22 6 8 18 13 34 3 7 20 10
57 2 65 32 11 35 4 89 8 11 34 4
58 2 64 4 15 46 2 48 7 15 45 1
59 2 35 1 12 35 9 44 9 11 32 3
60 2 18 0 6 17 3 27 3 5 15 2
61 2 32 0 10 32 2 25 1 10 30 1
62 2 44 6 19 47 6 60 4 26 39 1
63 3 131 22 25 72 11 104 18 27 74 6 82 8 26 81 4
64 2 38 2 10 30 2 26 1 10 30 1
65 3 26 10 10 18 6 36 7 9 21 6 12 2 6 20 2
66 2 46 6 11 32 7 38 7 10 32 3
67 2 59 2 17 52 2 45 2 16 50 1
68 3 69 9 18 53 10 98 17 20 46 7 86 9 19 53 6
69 2 50 6 18 54 4 60 7 17 51 1
70 3 22 3 9 17 10 29 3 7 19 7 17 2 8 20 7
71 3 24 0 10 30 2 36 0 10 30 1 59 0 10 30 1
72 3 34 2 8 20 11 25 4 7 20 6 39 2 7 22 1
73 1 17 0 5 17 2
74 3 28 2 10 30 3 39 2 10 30 3 23 2 10 30 1
75 3 39 3 12 38 8 31 3 12 37 2 45 1 13 38 1
76 3 40 2 6 18 6 24 1 6 18 2 30 3 5 16 1
77 3 108 6 20 56 12 83 6 22 61 10 61 12 21 58 4
78 3 94 6 11 35 5 77 5 13 36 4 38 2 12 37 1
79 3 106 15 16 38 14 139 7 17 37 11 69 29 14 38 7
80 3 48 2 14 33 4 34 2 15 34 3 59 2 11 34 3
81 3 48 8 15 38 4 63 4 17 40 3 77 5 14 42 1
82 2 56 4 12 38 3 41 4 12 38 2
83 2 51 11 11 34 8 39 5 11 33 5
84 2 38 4 12 36 4 51 0 10 31 1
85 3 13 4 5 17 8 23 3 8 19 6 17 4 5 18 2
86 3 23 1 9 21 8 35 4 8 24 5 29 9 6 20 1
87 3 62 8 18 49 6 78 12 24 46 3 4 1 22 32 2
88 1 54 16 14 37 10
89 2 117 14 26 73 9 82 17 28 82 8
90 3 44 4 12 36 6 1 3 12 35 3 62 4 11 35 3
91 3 69 8 11 32 3 58 12 10 34 2 48 14 11 34 2
92 2 57 5 11 36 7 42 4 10 34 2
93 2 38 5 14 42 4 54 4 18 40 2
94 2 53 17 15 37 9 71 9 17 37 5
95 3 127 53 13 35 8 136 53 11 35 6 179 51 14 46 3
96 2 40 4 14 39 4 61 5 16 39 4
97 2 46 6 12 36 6 35 8 11 34 2
98 3 68 7 19 36 11 89 9 17 37 10 54 7 14 42 5
99 1 27 1 22 32 2
100 3 23 2 7 20 7 33 1 7 19 4 28 7 6 18 1
