0.864355
0.503431
0.532443
0.533971
0.550847
0.534247
0.704545
0.761006
0.784272
0.693128
0.580645
0.545455
0.612648
0.598456
0.707071
0.482759
0.430769
0.60686
0.646067
0.513393
0.467866
0.655963
0.642857
0.538462
0.776398
0.636969
0.633094
0.726979
0.702439
0.586061
0.259109
0.695906
0.809524
0.732824
0.492188
0.654206
0.470368
0.674157
0.641509
0.714286
0.75
0.34413
0.244898
0.449346
0.789474
0.471698
0.692308
0.505185
0.426997
0.802432
0.595442
0.798696
0.844311
0.689119
0.631481
0.564202
0.596967
0.691318
0.629921
0.727273
0.403561
0.4
0.151335
0.267857
0.230216
0.839506
0.714286
0.408163
0.702194
0.795322
0.727273
0.598639
0.678451
0.473885
0.481481
0.548419
0.646503
0.475
0.246154
0.753363
0.686275
0.39
0.269198
0.565517
0.699523
0.580645
0.473684
0.664835
0.621118
0.611176
0.546999
0.5689
0.584416
0.447761
0.373134
0.486111
0.742574
0.630057
0.537017
0.482272
0.538462
0.7
0.621959
0.602812
0.517647
0.586276
0.776669
0.668449
0.564972
0.627854
0.439394
0
0.512488
0.571939
0.354545
0.410928
0.865007
0.367634
0.744108
0.219072
0.461728
0.626277
0.741176
0.482233
0.548857
0.0270655
0.487085
0.833333
0.682578
0.436725
0.548781
0.657895
0.45
0.657782
0.638498
0.610503
0.547199
0.583333
0.588235
0.809524
0.64257
0.747851
0.660592
0.6325
0.660682
0.463312
0.405164
0.441989
0.575221
0.34072
0.711864
0.506757
0.588785
0.63
0
0.63
0.512821
0.538462
0.397959
0.75
0.533333
0.378378
0.614035
0.496124
0.941176
0.612885
0.753736
0.798838
0.358974
0.11413
0.545455
0
0.655172
0.320366
0.343218
0.340909
0.443946
0.684211
0.633803
0.552381
0.579035
0.648421
0.489083
0.573189
0.538462
0.552632
0.389908
0.630332
0.445415
0.563847
0.478261
0.64095
0.719684
0.335648
0.50289
0.724706
0.534759
0.512821
0.710227
0.482866
0.72428
0.579932
0.634271
0.654054
0.679945
0.494505
0.519481
0.389755
0.535714
0.574032
0.509213
0.684739
0.501799
0.568965
0.899865
0.585613
0.636364
